Sample	FastQC_mqc-generalstats-fastqc-percent_duplicates	FastQC_mqc-generalstats-fastqc-percent_gc	FastQC_mqc-generalstats-fastqc-avg_sequence_length	FastQC_mqc-generalstats-fastqc-percent_fails	FastQC_mqc-generalstats-fastqc-total_sequences
SmLE-PZQ-ER-RNA-adu-f.1_R1	84.93855592940598	42.0	151.0	45.45454545454545	33821795.0
SmLE-PZQ-ER-RNA-adu-f.1_R2	81.49721717239221	43.0	151.0	18.181818181818183	33821795.0
SmLE-PZQ-ER-RNA-adu-f.2_R1	82.00969144906253	41.0	151.0	36.36363636363637	38395541.0
SmLE-PZQ-ER-RNA-adu-f.2_R2	77.97098137888185	41.0	151.0	27.27272727272727	38395541.0
SmLE-PZQ-ER-RNA-adu-f.3_R1	81.68053870657695	41.0	151.0	27.27272727272727	32814497.0
SmLE-PZQ-ER-RNA-adu-f.3_R2	77.71904549895038	41.0	151.0	18.181818181818183	32814497.0
SmLE-PZQ-ER-RNA-adu-m.1_R1	82.18111558056577	40.0	151.0	18.181818181818183	54189965.0
SmLE-PZQ-ER-RNA-adu-m.1_R2	77.04823956084839	40.0	151.0	36.36363636363637	54189965.0
SmLE-PZQ-ER-RNA-adu-m.2_R1	76.11198541737693	40.0	151.0	18.181818181818183	29742155.0
SmLE-PZQ-ER-RNA-adu-m.2_R2	71.82065171929099	40.0	151.0	27.27272727272727	29742155.0
SmLE-PZQ-ER-RNA-adu-m.3_R1	82.96263205300633	41.0	151.0	45.45454545454545	28967434.0
SmLE-PZQ-ER-RNA-adu-m.3_R2	78.76099325114461	41.0	151.0	36.36363636363637	28967434.0
SmLE-PZQ-ER-RNA-juv-f.1_R1	41.85126589820628	39.0	151.0	18.181818181818183	38870449.0
SmLE-PZQ-ER-RNA-juv-f.1_R2	43.858643187907674	40.0	151.0	18.181818181818183	38870449.0
SmLE-PZQ-ER-RNA-juv-f.2_R1	44.186291570810255	40.0	151.0	18.181818181818183	34747805.0
SmLE-PZQ-ER-RNA-juv-f.2_R2	43.354682284382974	40.0	151.0	18.181818181818183	34747805.0
SmLE-PZQ-ER-RNA-juv-f.3_R1	41.175524717253566	40.0	151.0	18.181818181818183	30156314.0
SmLE-PZQ-ER-RNA-juv-f.3_R2	41.9479913113038	41.0	151.0	18.181818181818183	30156314.0
SmLE-PZQ-ER-RNA-juv-m.1_R1	48.18474050212361	40.0	151.0	18.181818181818183	26119317.0
SmLE-PZQ-ER-RNA-juv-m.1_R2	46.503983746095315	40.0	151.0	18.181818181818183	26119317.0
SmLE-PZQ-ER-RNA-juv-m.2_R1	43.417974054062356	40.0	151.0	18.181818181818183	36027139.0
SmLE-PZQ-ER-RNA-juv-m.2_R2	41.79331686858004	40.0	151.0	18.181818181818183	36027139.0
SmLE-PZQ-ER-RNA-juv-m.3_R1	47.94900702972369	40.0	151.0	18.181818181818183	37690079.0
SmLE-PZQ-ER-RNA-juv-m.3_R2	46.685156053618314	41.0	151.0	18.181818181818183	37690079.0
SmLE-PZQ-ES-RNA-adu-f.1_R1	82.91507952982838	41.0	151.0	36.36363636363637	31802117.0
SmLE-PZQ-ES-RNA-adu-f.1_R2	79.47924319091112	41.0	151.0	27.27272727272727	31802117.0
SmLE-PZQ-ES-RNA-adu-f.2_R1	85.70949200760636	40.0	151.0	45.45454545454545	46689501.0
SmLE-PZQ-ES-RNA-adu-f.2_R2	82.09136060340164	41.0	151.0	27.27272727272727	46689501.0
SmLE-PZQ-ES-RNA-adu-f.3_R1	85.26985635432818	41.0	151.0	36.36363636363637	59687567.0
SmLE-PZQ-ES-RNA-adu-f.3_R2	81.4054249742984	41.0	151.0	18.181818181818183	59687567.0
SmLE-PZQ-ES-RNA-adu-m.1_R1	79.38008778238122	41.0	151.0	36.36363636363637	26949560.0
SmLE-PZQ-ES-RNA-adu-m.1_R2	75.7154858251186	41.0	151.0	36.36363636363637	26949560.0
SmLE-PZQ-ES-RNA-adu-m.2_R1	85.22999301066281	41.0	151.0	45.45454545454545	37742546.0
SmLE-PZQ-ES-RNA-adu-m.2_R2	81.21522518028623	41.0	151.0	36.36363636363637	37742546.0
SmLE-PZQ-ES-RNA-adu-m.3_R1	81.00420880768594	40.0	151.0	36.36363636363637	32885766.0
SmLE-PZQ-ES-RNA-adu-m.3_R2	77.32054992490374	41.0	151.0	36.36363636363637	32885766.0
SmLE-PZQ-ES-RNA-juv-f.1_R1	47.51199741696384	40.0	151.0	18.181818181818183	27791153.0
SmLE-PZQ-ES-RNA-juv-f.1_R2	44.827119863040764	40.0	151.0	18.181818181818183	27791153.0
SmLE-PZQ-ES-RNA-juv-f.2_R1	44.93510678943111	38.0	151.0	18.181818181818183	34017720.0
SmLE-PZQ-ES-RNA-juv-f.2_R2	43.42448858523681	39.0	151.0	18.181818181818183	34017720.0
SmLE-PZQ-ES-RNA-juv-f.3_R1	41.828261548339306	38.0	151.0	18.181818181818183	32388232.0
SmLE-PZQ-ES-RNA-juv-f.3_R2	41.269760683599245	39.0	151.0	18.181818181818183	32388232.0
SmLE-PZQ-ES-RNA-juv-m.1_R1	47.46914709658916	39.0	151.0	18.181818181818183	33847051.0
SmLE-PZQ-ES-RNA-juv-m.1_R2	46.277957585179244	40.0	151.0	18.181818181818183	33847051.0
SmLE-PZQ-ES-RNA-juv-m.2_R1	47.13293141858329	40.0	151.0	18.181818181818183	32762558.0
SmLE-PZQ-ES-RNA-juv-m.2_R2	45.1680966172835	40.0	151.0	18.181818181818183	32762558.0
SmLE-PZQ-ES-RNA-juv-m.3_R1	45.32297234337981	40.0	151.0	18.181818181818183	31611263.0
SmLE-PZQ-ES-RNA-juv-m.3_R2	43.5886728076218	41.0	151.0	18.181818181818183	31611263.0
